    |  $ |  [ | label | ] | id | <- | if | ~ | ( | = | 0 | ) | GoTo | + |  1 |  - 
----+----+----+-------+---+----+----+----+---+---+---+---+---+------+---+----+----
P   |  1 |  1 |   0   | 0 |  1 |  0 |  1 | 0 | 0 | 0 | 0 | 0 |   0  | 0 |  0 |  0 
----+----+----+-------+---+----+----+----+---+---+---+---+---+------+---+----+----
STS |  3 |  2 |   0   | 0 |  2 |  0 |  2 | 0 | 0 | 0 | 0 | 0 |   0  | 0 |  0 |  0 
----+----+----+-------+---+----+----+----+---+---+---+---+---+------+---+----+----
ST  |  0 |  4 |   0   | 0 |  4 |  0 |  4 | 0 | 0 | 0 | 0 | 0 |   0  | 0 |  0 |  0 
----+----+----+-------+---+----+----+----+---+---+---+---+---+------+---+----+----
A   |  0 |  5 |   0   | 0 |  6 |  0 |  5 | 0 | 0 | 0 | 0 | 0 |   0  | 0 |  0 |  0 
----+----+----+-------+---+----+----+----+---+---+---+---+---+------+---+----+----
B   |  0 |  0 |   0   | 0 |  7 |  0 |  8 | 0 | 0 | 0 | 0 | 0 |   0  | 0 |  0 |  0 
----+----+----+-------+---+----+----+----+---+---+---+---+---+------+---+----+----
M   | 11 | 11 |   0   | 0 | 11 |  0 | 11 | 0 | 0 | 0 | 0 | 0 |   0  | 9 |  0 | 10 
